#BDM		FOF	R_MCMC/R_BDM
8506795622 85008505690 7.241366
8506843650 85000004359 6.298465
8506841772 85000130801 5.602399
8506812604 85000021300 7.845034
8506808918 85000014138 5.978339
8506839632 85000059024 5.340332
8506842598 85000130801 5.516749
8506836133 85000041218 6.548508
8506823973 85000031876 16.111721
8506832980 85002473329 5.004567
8506810361 85000062227 8.228386
8506812387 85000021300 6.877922
8506847922 85000039793 11.774311
8506841931 85000300262 5.599070
8506853533 85000127242 6.625688
8506843731 85000084313 5.558008
8506843026 85000030236 6.853804
8506854688 85000155767 9.436528
8506855547 85000193257 8.919286
8506821286 85000104645 10.470043
8506802451 85000490318 6.472674
8506838295 85000041218 5.285756
8506823210 85000095408 6.286506
8506860440 85000016836 64.071954
8506806587 85000027862 14.932021
8506832133 85000110887 10.988000
8506850675 85000123178 5.211242
8506827239 85000179226 6.675883
8506825580 85000966861 5.813411
8506811812 85000379299 5.326034
8506800626 85004141939 7.395641
8506823727 85003951949 7.426643
8506848706 85000175432 6.293237
8506847097 85000148138 11.363017
8506823683 85000209085 7.970037
8506833609 85000428987 7.140857
8506807329 85000834021 5.310901
8506835445 85000021754 8.544891
8506796539 85000937473 5.208785
8506851999 85001826762 5.295058
8506849889 85006475248 7.235395
8506848964 85000173254 6.723230
8506857036 85000161552 7.545491
8506837770 85000163955 7.541648
8506812098 85000021300 9.365053
8506838695 85000053935 7.245705
8506806992 85005138452 5.163662
8506816535 85007375860 184.531688
8506825825 85000058826 5.596649
8506823195 85005271839 5.481106
8506843049 85000006377 7.997926
8506853971 85000252528 7.424377
8506825524 85000040220 16.396055
8506843741 85000782852 5.416674
8506809471 85000069687 7.264023
8506848705 85000342126 6.479091
8506858963 85000130762 7.543438
8506850242 85000033447 7.424436
8506846076 85000410518 7.822665
8506821296 85000581198 5.525583
8506809074 85000130502 6.748914
8506800479 85000027862 14.121802
8506834551 85000288154 5.158573
8506817300 85000022017 11.018582
8506857039 85001714425 5.137431
8506810850 85000079232 7.221713
8506837166 85006786807 7.640267
8506796407 85000006455 8.113520
8506818138 85000022017 11.283028
8506824235 85000058367 7.101749
8506849855 85000262443 7.270173
8506824992 85000212484 7.136302
8506815964 85000865683 7.319101
8506834787 85006909263 5.232473
8506831257 85000215617 21.451364
8506852762 85000039793 39.221040
8506841229 85000231860 6.888239
8506844876 85000530279 7.260086
8506811968 85005460965 5.299542
8506815363 85002076636 5.304319
8506853709 85000116395 14.148444
8506796273 85007128594 5.948750
8506824094 85000038038 7.631467
8506834310 85003745303 5.141916
8506830603 85007772181 5.599557
8506852001 85007501991 15.111822
8506850216 85003507103 7.547784
8506805805 85000431725 7.618131
8506818567 85008216545 5.697303
8506821658 85007769166 14.793422
8506820351 85007769170 8.521509
8506800656 85000066857 7.912489
8506801188 85000027862 26.638885
8506831457 85000333739 9.587839
8506802976 85000006455 13.237211
8506828905 85008069375 9.231582
8506837934 85007769220 5.397425
8506808527 85000223190 7.155281
8506823090 85007769169 5.409030
8506848676 85000322126 6.436036
8506858964 85002302945 6.445491
8506841644 85008200082 5.368010
8506846269 85007634182 8.042007
8506851609 85008522027 5.021973
8506850095 85008661796 6.344942
8506818685 85007925124 5.062679
8506807855 85000270326 9.229075
8506817820 85008202364 6.298408
8506853016 85000347926 6.029702
8506858334 85000945816 5.196863
8506809677 85007785021 5.388204
8506860448 85001957332 8.369926
8506862254 85000084009 19.163546
8506838718 85000176006 5.582056
8506809580 85007784504 6.578278
8506816143 85000896001 8.133952
8506842027 85000303057 11.481192
8506809934 85000347932 5.921296
8506813924 85000115696 5.774789
8506830519 85000049512 12.849519
8506849679 85000483661 7.029332
8506853296 85000161556 6.089723
8506834561 85000226305 10.462016
8506827767 85000179226 10.714600
8506813596 85001001901 7.782689
8506814502 85000150716 9.335871
8506809562 85008679225 7.987897
8506838867 85000575650 5.629482
8506856479 85000027666 9.379275
8506807722 85000134488 6.271294
8506809282 85008679761 5.048758
8506812335 85000272852 7.515342
8506825170 85000034399 11.752185
8506840217 85000109933 11.819429
8506840819 85002899700 5.772289
8506848249 85000530279 11.548245
8506847959 85000104801 11.064916
8506847724 85001163856 7.828903
8506829297 85000116676 8.558292
8506826386 85008367328 6.050796
8506841922 85001241706 12.522949
8506852683 85000207633 15.449085
8506837456 85005330582 5.044362
8506814045 85000057781 13.608342
8506821132 85000031876 27.353811
8506820616 85001956057 9.788260
8506817803 85000063993 5.199743
8506860590 85000260514 10.156046
8506853578 85001145134 6.671961
8506846831 85006100462 7.510613
8506847614 85000033447 8.379673
8506803067 85000279028 11.242707
8506818857 85000083751 13.670373
8506814369 85000115696 7.828924
8506815770 85000021300 33.210797
8506849223 85001518831 5.167927
8506851898 85000305475 11.400267
8506846260 85003217712 5.371585
8506830306 85007248087 7.480097
8506811424 85008664561 8.940624
8506846580 85000174369 10.334036
8506844560 85000594902 6.364124
8506847011 85000049300 14.709853
8506825569 85000058826 11.124593
8506828012 85005690896 5.523873
8506840814 85000023154 27.237072
8506812377 85001760465 11.159968
8506820599 85000284889 6.036917
8506814203 85008507108 6.756868
8506834961 85003367393 5.316562
8506830967 85000065406 11.346444
8506848369 85000104801 6.496158
8506830910 85000047486 21.622096
8506813105 85000986224 6.655756
8506809045 85000014138 28.744514
8506856167 85000233590 12.892883
8506831026 85000013854 8.968210
8506831157 85000013854 8.176393
8506805539 85000014138 11.195652
8506817653 85001754182 7.660565
8506826536 85000055549 5.112393
8506835475 85006475259 6.986974
8506825807 85008521458 5.567864
8506812242 85000262842 15.735354
8506827496 85000604971 12.285492
8506832566 85000040257 27.823967
8506843287 85000452122 8.758776
8506804425 85000124018 7.709064
8506813642 85007129677 8.637667
8506821128 85000117789 6.754147
8506806089 85000044937 7.454535
8506819539 85001399109 7.558066
8506833803 85000047486 16.382170
8506820090 85000284889 9.872424
8506829927 85000646117 7.405545
8506823540 85000460232 5.769637
8506822069 85001142476 5.359490
8506839970 85000068410 5.699917
8506829160 85000187659 15.262939
8506848524 85000000505 6.249149
8506851400 85000271662 6.622946
8506842060 85000666950 6.151869
8506830790 85000047486 5.344399
8506824188 85000055743 6.989095
8506836254 85004691069 5.683890
8506852141 85000152637 7.882256
8506811301 85000087871 5.909963
8506801525 85000436257 8.398537
8506817002 85000858808 5.022216
8506850396 85004062914 11.533447
8506852243 85000039793 15.859466
8506807699 85007012601 5.179783
8506814897 85006477033 41.889123
8506825672 85000053109 5.889527
8506846346 85000058677 10.433798
8506850353 85000950029 5.546321
8506829766 85000564979 5.178903
8506812217 85000385851 6.499339
